[
  [
    -0.03419149,
    -0.90526295,
    0.42347342,
    0,
    0.9874329,
    0.0348173,
    0.15415518,
    0,
    -0.15429516,
    0.4234225,
    0.8926961,
    0,
    -0.022446744,
    0.028364383,
    0.033189956,
    1
  ],
  [
    -0.043840215,
    -0.91400564,
    0.4033258,
    0,
    0.9935189,
    0.0024919896,
    0.11363961,
    0,
    -0.1048723,
    0.40569377,
    0.90797263,
    0,
    -0.054256883,
    0.009761676,
    -0.13762075,
    1
  ],
  [
    -0.04057008,
    -0.98973536,
    0.1370327,
    0,
    0.8092347,
    0.047897674,
    0.5855298,
    0,
    -0.5860831,
    0.13464661,
    0.79898494,
    0,
    -0.39661112,
    0.100361764,
    0.2013214,
    1.0000001
  ],
  [
    0.067792214,
    -0.99700356,
    0.037254777,
    0,
    0.99745506,
    0.06690202,
    -0.024644617,
    0,
    0.022078369,
    0.038830683,
    0.9990018,
    0,
    -0.23305583,
    0.16665642,
    0.02144073,
    0.9999999
  ],
  [
    0.22781385,
    -0.94448954,
    0.23672798,
    0,
    0.8287041,
    0.06042542,
    -0.55641544,
    0,
    0.51122427,
    0.32293662,
    0.7964682,
    0,
    -0.39251187,
    0.07075327,
    -0.25873035,
    1
  ],
  [
    0.42426533,
    -0.9009308,
    0.09122876,
    0,
    0.26260027,
    0.025992094,
    -0.9645546,
    0,
    0.8666258,
    0.43318376,
    0.24761224,
    0,
    -0.32586944,
    0.030220477,
    -0.35130858,
    1.0000001
  ],
  [
    0.22632733,
    -0.93416053,
    -0.2758983,
    0,
    -0.6357364,
    0.072932184,
    -0.76845306,
    0,
    0.7379804,
    0.3493206,
    -0.5773734,
    0,
    0.17279723,
    0.041645348,
    -0.66197866,
    1.0000001
  ],
  [
    -0.030169442,
    -0.9990417,
    0.031708505,
    0,
    -0.9850218,
    0.02432808,
    -0.17070483,
    0,
    0.16976981,
    -0.03638364,
    -0.9848118,
    0,
    -0.21400695,
    0.13310733,
    -0.8832252,
    0.9999999
  ],
  [
    -0.22127385,
    -0.964798,
    -0.14213578,
    0,
    -0.7496383,
    0.0750519,
    0.6575785,
    0,
    -0.62376297,
    0.25205538,
    -0.7398566,
    0,
    -0.31095418,
    0.06460076,
    -1.0376557,
    1
  ],
  [
    0.112989545,
    -0.9888789,
    0.096704215,
    0,
    -0.3208987,
    0.055793084,
    0.94546866,
    0,
    -0.9403495,
    -0.13786034,
    -0.31102598,
    0,
    -0.6088448,
    0.15094629,
    -1.0708315,
    0.9999999
  ],
  [
    -0.26972523,
    -0.80665654,
    0.52588356,
    0,
    -0.9629308,
    0.22796065,
    -0.14421594,
    0,
    -0.0035480391,
    -0.5452882,
    -0.8382412,
    0,
    -0.07536752,
    0.22109473,
    -1.0564785,
    1
  ],
  [
    -0.3941562,
    -0.90997493,
    -0.12878855,
    0,
    -0.049665708,
    0.16101876,
    -0.98570096,
    0,
    0.9177005,
    -0.38212377,
    -0.10866106,
    0,
    -0.19416761,
    0.19807075,
    -1.02442,
    1.0000001
  ],
  [
    0.25119734,
    -0.96543,
    0.06960361,
    0,
    0.35039616,
    0.023666695,
    -0.9363025,
    0,
    0.90228724,
    0.25958553,
    0.344228,
    0,
    -1.6868838,
    0.027154915,
    -1.4603544,
    1
  ],
  [
    0.027384067,
    -0.998949,
    0.036753885,
    0,
    0.95985293,
    0.01600871,
    -0.28004628,
    0,
    0.2791636,
    0.042947143,
    0.9592826,
    0,
    -2.964027,
    0.09990885,
    -2.0365374,
    1
  ],
  [
    -0.09876245,
    -0.99138004,
    0.0860893,
    0,
    0.49093643,
    0.026709495,
    0.8707858,
    0,
    -0.8655792,
    0.12826532,
    0.4840667,
    0,
    -3.4349947,
    0.06733592,
    -2.590695,
    0.9999999
  ],
  [
    -0.40526342,
    -0.91360366,
    0.033010926,
    0,
    0.0069098515,
    0.03304694,
    0.9994298,
    0,
    -0.9141737,
    0.40526053,
    -0.007079868,
    0,
    -4.0380387,
    -0.011518522,
    -2.6658728,
    0.9999999
  ],
  [
    0.31371602,
    -0.9410018,
    0.126877,
    0,
    -0.15962361,
    0.07945504,
    0.98397523,
    0,
    -0.9360034,
    -0.32894135,
    -0.1252798,
    0,
    -4.574546,
    0.18570814,
    -3.0441902,
    1
  ]
]